T	        MW			P			Diam_BIN10	Diam_BIN11	Diam_BIN12	Diam_BIN13	Diam_BIN14	Diam_BIN15	Diam_BIN16	Diam_BIN17	Diam_BIN18	Diam_BIN19	Diam_BIN20	Diam_BIN8	Diam_BIN9	np_BIN10	np_BIN11	np_BIN12	np_BIN13	np_BIN14	np_BIN15	np_BIN16	np_BIN17	np_BIN18	np_BIN19	np_BIN20	np_BIN8		np_BIN9		x_BIN10		x_BIN11		x_BIN12		x_BIN13		x_BIN14		x_BIN15		x_BIN16		x_BIN17		x_BIN18		x_BIN19		x_BIN20		x_BIN8		x_BIN9
2.96E+02	2.80E+01	1.01E+05	0.00E+00	0.00E+00	0.00E+00	0.00E+00	0.00E+00	0.00E+00	0.00E+00	0.00E+00	0.00E+00	0.00E+00	0.00E+00	0.00E+00	0.00E+00	0.00E+00	0.00E+00	0.00E+00	0.00E+00	0.00E+00	0.00E+00	0.00E+00	0.00E+00	0.00E+00	0.00E+00	0.00E+00	0.00E+00	0.00E+00	5.99E-15	3.53E-15	1.47E-15	7.56E-16	3.75E-15	2.00E-14	4.69E-14	3.15E-14	3.90E-14	5.61E-14	2.44E-13	4.08E-14	1.34E-14
2.96E+02	2.80E+01	1.01E+05	0.00E+00	0.00E+00	0.00E+00	0.00E+00	0.00E+00	0.00E+00	0.00E+00	0.00E+00	0.00E+00	0.00E+00	0.00E+00	0.00E+00	0.00E+00	0.00E+00	0.00E+00	0.00E+00	0.00E+00	0.00E+00	0.00E+00	0.00E+00	0.00E+00	0.00E+00	0.00E+00	0.00E+00	0.00E+00	0.00E+00	5.99E-15	3.53E-15	1.47E-15	7.56E-16	3.75E-15	2.00E-14	4.69E-14	3.15E-14	3.90E-14	5.61E-14	2.44E-13	4.08E-14	1.34E-14
3.02E+02	2.80E+01	1.01E+05	0.00E+00	0.00E+00	0.00E+00	0.00E+00	0.00E+00	0.00E+00	0.00E+00	0.00E+00	0.00E+00	0.00E+00	0.00E+00	4.01E+00	5.06E+00	0.00E+00	0.00E+00	0.00E+00	0.00E+00	0.00E+00	0.00E+00	0.00E+00	0.00E+00	0.00E+00	0.00E+00	0.00E+00	1.00E+00	1.00E+00	5.97E-14	3.52E-14	1.46E-14	7.02E-15	3.36E-14	1.86E-13	4.75E-13	3.28E-13	4.08E-13	5.86E-13	2.49E-12	4.03E-13	1.33E-13
3.02E+02	2.80E+01	1.01E+05	0.00E+00	0.00E+00	0.00E+00	0.00E+00	0.00E+00	0.00E+00	0.00E+00	0.00E+00	0.00E+00	0.00E+00	0.00E+00	4.01E+00	5.06E+00	0.00E+00	0.00E+00	0.00E+00	0.00E+00	0.00E+00	0.00E+00	0.00E+00	0.00E+00	0.00E+00	0.00E+00	0.00E+00	1.00E+00	1.00E+00	5.97E-14	3.52E-14	1.46E-14	7.02E-15	3.36E-14	1.86E-13	4.75E-13	3.28E-13	4.08E-13	5.86E-13	2.49E-12	4.03E-13	1.33E-13
3.27E+02	2.81E+01	1.01E+05	6.37E+00	0.00E+00	0.00E+00	0.00E+00	0.00E+00	0.00E+00	0.00E+00	0.00E+00	0.00E+00	0.00E+00	0.00E+00	4.01E+00	5.06E+00	1.00E+00	0.00E+00	0.00E+00	0.00E+00	0.00E+00	0.00E+00	0.00E+00	0.00E+00	0.00E+00	0.00E+00	0.00E+00	1.00E+00	1.00E+00	4.91E-13	2.89E-13	1.19E-13	5.22E-14	2.31E-13	1.31E-12	3.94E-12	2.80E-12	3.46E-12	4.94E-12	2.08E-11	3.30E-12	1.09E-12
3.27E+02	2.81E+01	1.01E+05	6.37E+00	0.00E+00	0.00E+00	0.00E+00	0.00E+00	0.00E+00	0.00E+00	0.00E+00	0.00E+00	0.00E+00	0.00E+00	4.01E+00	5.06E+00	1.00E+00	0.00E+00	0.00E+00	0.00E+00	0.00E+00	0.00E+00	0.00E+00	0.00E+00	0.00E+00	0.00E+00	0.00E+00	1.00E+00	1.00E+00	4.91E-13	2.89E-13	1.19E-13	5.22E-14	2.31E-13	1.31E-12	3.94E-12	2.80E-12	3.46E-12	4.94E-12	2.08E-11	3.30E-12	1.09E-12
4.10E+02	2.81E+01	1.01E+05	6.37E+00	8.03E+00	1.01E+01	0.00E+00	0.00E+00	0.00E+00	0.00E+00	0.00E+00	0.00E+00	0.00E+00	0.00E+00	4.01E+00	5.06E+00	1.00E+00	1.00E+00	1.00E+00	0.00E+00	0.00E+00	0.00E+00	0.00E+00	0.00E+00	0.00E+00	0.00E+00	0.00E+00	1.00E+00	1.00E+00	3.89E-12	2.29E-12	9.38E-13	3.62E-13	1.39E-12	8.08E-12	3.12E-11	2.28E-11	2.82E-11	3.99E-11	1.66E-10	2.60E-11	8.65E-12
4.10E+02	2.81E+01	1.01E+05	6.37E+00	8.03E+00	1.01E+01	0.00E+00	0.00E+00	0.00E+00	0.00E+00	0.00E+00	0.00E+00	0.00E+00	0.00E+00	4.01E+00	5.06E+00	1.00E+00	1.00E+00	1.00E+00	0.00E+00	0.00E+00	0.00E+00	0.00E+00	0.00E+00	0.00E+00	0.00E+00	0.00E+00	1.00E+00	1.00E+00	3.89E-12	2.29E-12	9.38E-13	3.62E-13	1.39E-12	8.08E-12	3.12E-11	2.28E-11	2.82E-11	3.99E-11	1.66E-10	2.60E-11	8.65E-12
6.37E+02	2.86E+01	1.01E+05	6.37E+00	8.03E+00	1.01E+01	1.32E+01	0.00E+00	0.00E+00	0.00E+00	0.00E+00	0.00E+00	0.00E+00	0.00E+00	4.01E+00	5.05E+00	1.00E+00	1.00E+00	1.00E+00	9.01E-01	0.00E+00	0.00E+00	0.00E+00	0.00E+00	0.00E+00	0.00E+00	0.00E+00	1.00E+00	1.00E+00	3.95E-11	2.33E-11	9.39E-12	3.08E-12	9.73E-12	5.96E-11	3.09E-10	2.36E-10	3.00E-10	4.24E-10	1.72E-09	2.61E-10	8.76E-11
6.37E+02	2.86E+01	1.01E+05	6.37E+00	8.03E+00	1.01E+01	1.32E+01	0.00E+00	0.00E+00	0.00E+00	0.00E+00	0.00E+00	0.00E+00	0.00E+00	4.01E+00	5.05E+00	1.00E+00	1.00E+00	1.00E+00	9.01E-01	0.00E+00	0.00E+00	0.00E+00	0.00E+00	0.00E+00	0.00E+00	0.00E+00	1.00E+00	1.00E+00	3.95E-11	2.33E-11	9.39E-12	3.08E-12	9.73E-12	5.96E-11	3.09E-10	2.36E-10	3.00E-10	4.24E-10	1.72E-09	2.61E-10	8.76E-11
1.07E+03	3.06E+01	1.01E+05	6.37E+00	8.03E+00	1.01E+01	1.34E+01	0.00E+00	0.00E+00	0.00E+00	0.00E+00	0.00E+00	0.00E+00	0.00E+00	4.01E+00	5.05E+00	1.00E+00	1.00E+00	1.00E+00	8.57E-01	0.00E+00	0.00E+00	0.00E+00	0.00E+00	0.00E+00	0.00E+00	0.00E+00	1.00E+00	1.00E+00	2.64E-10	1.55E-10	5.89E-11	1.55E-11	4.67E-11	3.43E-10	2.04E-09	1.57E-09	2.23E-09	3.15E-09	1.21E-08	1.74E-09	5.87E-10
1.07E+03	3.06E+01	1.01E+05	6.37E+00	8.03E+00	1.01E+01	1.34E+01	0.00E+00	0.00E+00	0.00E+00	0.00E+00	0.00E+00	0.00E+00	0.00E+00	4.01E+00	5.05E+00	1.00E+00	1.00E+00	1.00E+00	8.57E-01	0.00E+00	0.00E+00	0.00E+00	0.00E+00	0.00E+00	0.00E+00	0.00E+00	1.00E+00	1.00E+00	2.64E-10	1.55E-10	5.89E-11	1.55E-11	4.67E-11	3.43E-10	2.04E-09	1.57E-09	2.23E-09	3.15E-09	1.21E-08	1.74E-09	5.87E-10
3.02E+02	2.80E+01	1.01E+05	0.00E+00	0.00E+00	0.00E+00	0.00E+00	0.00E+00	0.00E+00	0.00E+00	0.00E+00	0.00E+00	0.00E+00	0.00E+00	0.00E+00	0.00E+00	0.00E+00	0.00E+00	0.00E+00	0.00E+00	0.00E+00	0.00E+00	0.00E+00	0.00E+00	0.00E+00	0.00E+00	0.00E+00	0.00E+00	0.00E+00	6.85E-15	4.04E-15	1.71E-15	9.17E-16	4.52E-15	2.30E-14	5.26E-14	3.41E-14	4.18E-14	5.95E-14	2.68E-13	4.70E-14	1.53E-14
3.02E+02	2.80E+01	1.01E+05	0.00E+00	0.00E+00	0.00E+00	0.00E+00	0.00E+00	0.00E+00	0.00E+00	0.00E+00	0.00E+00	0.00E+00	0.00E+00	0.00E+00	0.00E+00	0.00E+00	0.00E+00	0.00E+00	0.00E+00	0.00E+00	0.00E+00	0.00E+00	0.00E+00	0.00E+00	0.00E+00	0.00E+00	0.00E+00	0.00E+00	6.85E-15	4.04E-15	1.71E-15	9.17E-16	4.52E-15	2.30E-14	5.26E-14	3.41E-14	4.18E-14	5.95E-14	2.68E-13	4.70E-14	1.53E-14
3.18E+02	2.80E+01	1.01E+05	0.00E+00	0.00E+00	0.00E+00	0.00E+00	0.00E+00	0.00E+00	0.00E+00	0.00E+00	0.00E+00	0.00E+00	0.00E+00	4.01E+00	5.06E+00	0.00E+00	0.00E+00	0.00E+00	0.00E+00	0.00E+00	0.00E+00	0.00E+00	0.00E+00	0.00E+00	0.00E+00	0.00E+00	1.00E+00	1.00E+00	7.11E-14	4.29E-14	1.90E-14	1.01E-14	4.36E-14	2.30E-13	5.40E-13	3.61E-13	4.48E-13	6.44E-13	2.80E-12	4.73E-13	1.57E-13
3.18E+02	2.80E+01	1.01E+05	0.00E+00	0.00E+00	0.00E+00	0.00E+00	0.00E+00	0.00E+00	0.00E+00	0.00E+00	0.00E+00	0.00E+00	0.00E+00	4.01E+00	5.06E+00	0.00E+00	0.00E+00	0.00E+00	0.00E+00	0.00E+00	0.00E+00	0.00E+00	0.00E+00	0.00E+00	0.00E+00	0.00E+00	1.00E+00	1.00E+00	7.11E-14	4.29E-14	1.90E-14	1.01E-14	4.36E-14	2.30E-13	5.40E-13	3.61E-13	4.48E-13	6.44E-13	2.80E-12	4.73E-13	1.57E-13
3.77E+02	2.81E+01	1.01E+05	6.38E+00	8.03E+00	0.00E+00	0.00E+00	0.00E+00	0.00E+00	0.00E+00	0.00E+00	0.00E+00	0.00E+00	0.00E+00	4.01E+00	5.06E+00	1.00E+00	1.00E+00	0.00E+00	0.00E+00	0.00E+00	0.00E+00	0.00E+00	0.00E+00	0.00E+00	0.00E+00	0.00E+00	1.00E+00	1.00E+00	9.15E-13	6.42E-13	3.82E-13	2.21E-13	4.48E-13	2.14E-12	5.61E-12	3.83E-12	4.72E-12	6.79E-12	2.87E-11	5.22E-12	1.84E-12
3.77E+02	2.81E+01	1.01E+05	6.38E+00	8.03E+00	0.00E+00	0.00E+00	0.00E+00	0.00E+00	0.00E+00	0.00E+00	0.00E+00	0.00E+00	0.00E+00	4.01E+00	5.06E+00	1.00E+00	1.00E+00	0.00E+00	0.00E+00	0.00E+00	0.00E+00	0.00E+00	0.00E+00	0.00E+00	0.00E+00	0.00E+00	1.00E+00	1.00E+00	9.15E-13	6.42E-13	3.82E-13	2.21E-13	4.48E-13	2.14E-12	5.61E-12	3.83E-12	4.72E-12	6.79E-12	2.87E-11	5.22E-12	1.84E-12
5.28E+02	2.82E+01	1.01E+05	6.38E+00	8.03E+00	1.01E+01	1.13E+01	1.60E+01	0.00E+00	0.00E+00	0.00E+00	0.00E+00	0.00E+00	0.00E+00	4.01E+00	5.06E+00	1.00E+00	1.00E+00	1.00E+00	1.42E+00	9.96E-01	0.00E+00	0.00E+00	0.00E+00	0.00E+00	0.00E+00	0.00E+00	1.00E+00	1.00E+00	1.54E-11	1.31E-11	9.84E-12	6.06E-12	5.53E-12	1.84E-11	6.19E-11	4.19E-11	5.04E-11	7.17E-11	2.98E-10	6.56E-11	2.64E-11
5.28E+02	2.82E+01	1.01E+05	6.38E+00	8.03E+00	1.01E+01	1.13E+01	1.60E+01	0.00E+00	0.00E+00	0.00E+00	0.00E+00	0.00E+00	0.00E+00	4.01E+00	5.06E+00	1.00E+00	1.00E+00	1.00E+00	1.42E+00	9.96E-01	0.00E+00	0.00E+00	0.00E+00	0.00E+00	0.00E+00	0.00E+00	1.00E+00	1.00E+00	1.54E-11	1.31E-11	9.84E-12	6.06E-12	5.53E-12	1.84E-11	6.19E-11	4.19E-11	5.04E-11	7.17E-11	2.98E-10	6.56E-11	2.64E-11
7.93E+02	2.88E+01	1.01E+05	6.38E+00	8.03E+00	1.01E+01	1.11E+01	1.37E+01	2.65E+01	5.34E+01	0.00E+00	0.00E+00	0.00E+00	0.00E+00	4.01E+00	5.06E+00	1.00E+00	1.00E+00	1.00E+00	1.52E+00	1.61E+00	4.43E-01	1.07E-01	0.00E+00	0.00E+00	0.00E+00	0.00E+00	1.00E+00	1.00E+00	2.10E-10	1.99E-10	1.63E-10	1.03E-10	6.33E-11	1.24E-10	5.75E-10	3.79E-10	4.46E-10	6.29E-10	2.55E-09	6.94E-10	3.18E-10
7.93E+02	2.88E+01	1.01E+05	6.38E+00	8.03E+00	1.01E+01	1.11E+01	1.37E+01	2.65E+01	5.34E+01	0.00E+00	0.00E+00	0.00E+00	0.00E+00	4.01E+00	5.06E+00	1.00E+00	1.00E+00	1.00E+00	1.52E+00	1.61E+00	4.43E-01	1.07E-01	0.00E+00	0.00E+00	0.00E+00	0.00E+00	1.00E+00	1.00E+00	2.10E-10	1.99E-10	1.63E-10	1.03E-10	6.33E-11	1.24E-10	5.75E-10	3.79E-10	4.46E-10	6.29E-10	2.55E-09	6.94E-10	3.18E-10
1.13E+03	3.06E+01	1.01E+05	6.38E+00	8.03E+00	1.01E+01	1.10E+01	1.27E+01	1.95E+01	4.23E+01	6.88E+01	0.00E+00	0.00E+00	0.00E+00	4.01E+00	5.06E+00	1.00E+00	1.00E+00	1.00E+00	1.56E+00	2.02E+00	1.11E+00	2.15E-01	9.81E-02	0.00E+00	0.00E+00	0.00E+00	1.00E+00	1.00E+00	1.88E-09	1.96E-09	1.70E-09	1.10E-09	5.60E-10	5.53E-10	3.19E-09	1.89E-09	2.19E-09	3.11E-09	1.18E-08	4.78E-09	2.55E-09
1.13E+03	3.06E+01	1.01E+05	6.38E+00	8.03E+00	1.01E+01	1.10E+01	1.27E+01	1.95E+01	4.23E+01	6.88E+01	0.00E+00	0.00E+00	0.00E+00	4.01E+00	5.06E+00	1.00E+00	1.00E+00	1.00E+00	1.56E+00	2.02E+00	1.11E+00	2.15E-01	9.81E-02	0.00E+00	0.00E+00	0.00E+00	1.00E+00	1.00E+00	1.88E-09	1.96E-09	1.70E-09	1.10E-09	5.60E-10	5.53E-10	3.19E-09	1.89E-09	2.19E-09	3.11E-09	1.18E-08	4.78E-09	2.55E-09
3.15E+02	2.80E+01	1.01E+05	0.00E+00	0.00E+00	0.00E+00	0.00E+00	0.00E+00	0.00E+00	0.00E+00	0.00E+00	0.00E+00	0.00E+00	0.00E+00	4.01E+00	0.00E+00	0.00E+00	0.00E+00	0.00E+00	0.00E+00	0.00E+00	0.00E+00	0.00E+00	0.00E+00	0.00E+00	0.00E+00	0.00E+00	1.00E+00	0.00E+00	8.00E-15	4.80E-15	2.14E-15	1.21E-15	5.38E-15	2.52E-14	5.93E-14	3.71E-14	4.42E-14	6.17E-14	2.95E-13	5.47E-14	1.78E-14
